=====================================
             EVALUATION RESULTS      
=====================================

Overall Accuracy: 93.86%
Average Loss: 0.214119

Class      Precision    Recall       F1-Score     Support 
-----      ---------    ------       --------     ------- 
0          0.9637       0.9765       0.9701       980     
1          0.9703       0.9771       0.9737       1135    
2          0.9383       0.9283       0.9333       1032    
3          0.9163       0.9208       0.9185       1010    
4          0.9219       0.9501       0.9358       982     
5          0.8798       0.9193       0.8991       892     
6          0.9607       0.9436       0.9521       958     
7          0.9553       0.9358       0.9455       1028    
8          0.9347       0.9117       0.9231       974     
9          0.9381       0.9167       0.9273       1009    

Confusion Matrix:
(rows=actual, cols=predicted)

Actual\Pred       0       1       2       3       4       5       6       7       8       9
------------------------------------------------------------------------------------------
0              957       0       0       1       1       5       5       4       3       4
1                0    1109       5       2       1       3       3       3       9       0
2                8       8     958      11      13       7       5      10      11       1
3                1       1      13     930       0      36       0       9      14       6
4                1       1       6       1     933       0       9       2       6      23
5                7       1       3      27       6     820      10       1      13       4
6                8       4       8       1      12      20     904       1       0       0
7                1       9      24       6       4       1       0     962       2      19
8                3       3       3      23       9      30       5       6     888       4
9                7       7       1      13      33      10       0       9       4     925

=====================================

